 0 15 16 18 21 29 33 37 5 56 62 67 8 85 90 95 
 1 12 13 22 33 33 37 41 54 75 8 82 89 9 
 1 12 24 37 38 38 56 63 73 80 82 89 9 
 1 13 15 16 18 24 26 26 33 37 38 38 51 61 61 81 88 
 1 18 33 37 40 40 8 8 89 
 10 11 16 17 17 33 33 48 82 9 9 91 
 10 11 2 24 26 28 38 63 65 95 96 
 10 12 14 20 33 55 65 89 91 94 99 
 10 13 29 33 33 33 69 85 85 85 91 
 10 14 15 22 24 24 40 48 56 82 9 
 10 14 2 21 28 31 33 56 6 66 70 71 77 82 9 
 10 15 16 2 21 28 40 51 61 67 67 70 75 8 83 89 9 
 10 16 18 18 2 20 33 33 43 55 67 72 77 85 89 89 89 9 9 
 11 11 15 18 18 2 24 33 38 75 83 9 
 11 12 13 15 33 33 38 40 5 52 67 73 91 93 
 11 12 16 19 31 33 33 38 43 52 89 9 92 
 11 13 33 40 43 70 73 78 82 82 82 91 91 93 
