0 15 16 18 21 29 33 37 5 56 62 67 8 85 90 95
1 12 13 22 33 33 37 41 54 75 8 82 89 9
1 12 24 37 38 38 56 63 73 80 82 89 9
1 13 15 16 18 24 26 26 33 37 38 38 51 61 61 81 88
1 18 33 37 40 40 8 8 89
10 11 16 17 17 33 33 48 82 9 9 91
10 11 2 24 26 28 38 63 65 95 96
10 12 14 20 33 55 65 89 91 94 99
10 13 29 33 33 33 69 85 85 85 91
10 14 15 22 24 24 40 48 56 82 9
10 14 2 21 28 31 33 56 6 66 70 71 77 82 9
10 15 16 2 21 28 40 51 61 67 67 70 75 8 83 89 9
10 16 18 18 2 20 33 33 43 55 67 72 77 85 89 89 89 9 9
10 16 18 19 33 33 33 33 36 37 38 51 52 82 89 89 91
10 26 36 54 65 67 7 71 89 9 91
11 11 15 18 18 2 24 33 38 75 83 9
11 11 16 26 31 37 46 52 54 6 89 95
11 12 13 15 33 33 38 40 5 52 67 73 91 93
11 12 16 19 31 33 33 38 43 52 89 9 92
11 13 33 40 43 70 73 78 82 82 82 91 91 93
11 14 14 33 33 38 38 40 42 63 71 8 89 93 96
11 17 2 26 37 5 67 67 70 83 89 9
11 17 2 37 42 46 51 52 82 9 91 93
11 18 18 2 29 33 33 46 48 61 82 94 
11 18 2 24 24 33 46 56 61 61 82 86
12 12 17 18 45 52 69 71 72 79 8 89 98
12 13 16 22 26 33 37 51 52 52 63 81 82 91 92 93 95
12 14 17 21 3 33 46 51 52 65 67 69 80 9 93
12 14 24 31 33 46 56 56 65 85 9 91 96
12 16 17 25 33 37 37 50 52 89 93 94 94
12 17 21 31 33 58 67 8 82 89 89 89 9 91 91 92 95 96
12 17 33 33 33 43 54 69 7 74 80 83 86
12 18 18 20 22 22 31 33 38 4 4 40 57 67 73 8 89 89 9
12 20 24 46 52 56 8 82 83 89 89 9 93
12 24 33 40 46 6 64 71 8
13 13 13 15 17 2 33 40 40 58 89 9 91 94
13 13 14 20 21 21 34 37 37 43 67 70 73 92
13 13 18 38 38 51 56 71 78 8 89 89 9 94
13 14 14 18 24 28 45 59 8
13 14 14 19 2 2 52 61 63 65 75 89 9 91
13 14 15 17 21 21 24 37 38 40 40 54 70 8 
13 14 16 17 50 51 8 82 82 86 91 91 91 91
13 14 18 2 24 29 33 37 56 56 83 85 89 89 92
13 15 17 17 18 28 38 43 48 66 70 8 82 89 89 9 9 99
13 15 36 6 67 9 9
13 15 4 69 89
13 17 33 4 72 87 9 9 9 90
13 2 2 21 31 33 38 40 43 63 72 84 89 90
13 2 21 21 33 59 8 82 94
13 22 26 29 33 37 56 64 73 78 82 85 87 89
13 24 48 8 8 89 89 9 96
14 14 15 26 27 46 70 71 73 9
14 14 16 2 2 25 37 38 40 56 59 67 69 70 91 94 95
14 14 21 33 33 41 55 56 58 67 82 89 89 92 92
14 15 27 33 59 61 9 9 9 98
14 17 19 41 7 73 89 9
14 17 21 25 6 65 9
14 17 21 33 33 43 46 64 73 78 82 85 91 94 94
14 18 2 29 33 33 33 39 51 56 6 77 83 85 89
14 24 37 59 6 69 89
14 33 38 43 52 63 9 9 91 91
15 16 19 26 31 33 38 51 82 9
15 17 2 2 22 24 33 33 37 43 43 46 56 63 74 89
15 17 26 37 67 7 82 94
15 18 19 2 47 83 89 9 94 94
15 18 27 28 56 7 7 89
15 19 33 36 43 56 56 67 8
15 2 21 22 33 38 38 40 59 65 67 69 8 82 89 95
16 16 24 33 37 44 46 56 56 56 65 65 67 7 76 8 89
16 16 33 36 69 7 71 96
16 17 18 2 33 33 37 37 37 38 42 7 71 82 82 85 94 96
16 3 38 83
16 36 5 56 75 94 
17 17 33 43 5 73 
17 2 33 5 6 9 91
17 20 21 31 36 43 67 77 78 9
17 22 56 58 65 67 71 9 9 96 
17 26 31 33 33 59 6 67 89 9
19 2 24 33 33 34 36 40 46 56 59 65 69 73 73 78 8 82 9 94
2 21 22 31 67 7 89 91 
2 21 28 7 78 8 80 9 9
20 21 24 24 31 4 70 86 9 94
20 24 24 41 52 73 83 85 9 99
21 46 5 59 6 65 91
22 22 24 40 51 63 73 73 89 9 
22 24 26 33 43 56 58 79 82 9
22 37 43 71 73 78 8 83 83
24 24 26 27 33 37 51 8 9
24 4 6 61 75
24 46 48 59 8 89 89 94 99
3 33 33 38
31 36 37 7 85 9 91 94
33 33 33 69 8 85 91 91 98
33 37 49 7 86 89 9 94
36 37 40 59 8 81 87 89 9
37 51 7 85 89 89 91 94
38 41 43 52 6 9 93
